4
151724
1
5
3
5
151725
1
7
3
6
80
2
1
3
7
84
2
3
3
8
151730
2
5
3
9
116
2
7
3
432
1063
2
15
3
62
151732
3
15
3
63
151733
3
17
3
12
142
3
1
3
41
151731
3
3
3
54
336
3
5
3
56
346
3
7
3
58
365
3
9
3
60
384
3
11
3
43
151734
4
1
3
44
314
4
3
3
45
151735
4
5
3
46
321
4
7
3
47
325
4
9
3
48
330
4
11
3
70
422
6
9
3
74
435
7
1
3
4
151724
9
5
4
5
151725
9
7
4
6
80
10
1
4
7
84
10
3
4
8
151730
10
5
4
9
116
10
7
4
432
1063
10
15
4
19
180
11
15
4
20
184
11
17
4
21
190
11
19
4
22
194
11
21
4
55
341
11
25
4
57
355
11
27
4
59
151736
11
29
4
13
149
11
3
4
62
151732
11
33
4
16
161
11
9
4
64
408
11
35
4
17
167
11
11
4
18
174
11
13
4
70
422
13
9
4
74
435
14
1
4
4
151724
16
5
5
5
151725
16
7
5
6
80
17
1
5
7
84
17
3
5
8
151730
17
5
5
9
116
17
7
5
432
1063
17
15
5
26
222
18
9
5
62
151732
18
43
5
27
233
18
11
5
65
151737
18
45
5
29
240
18
15
5
30
251
18
17
5
32
256
18
21
5
33
265
18
23
5
35
270
18
27
5
36
279
18
29
5
23
151723
18
1
5
37
285
18
31
5
24
208
18
5
5
38
291
18
33
5
25
216
18
7
5
40
297
18
37
5
70
422
20
9
5
74
435
21
1
5
4
151724
23
5
1
5
151725
23
7
1
87
151726
24
11
1
432
1063
24
19
1
98
445
26
5
1
102
449
26
13
1
107
151727
27
7
1
4
151724
29
5
2
5
151725
29
7
2
113
151728
30
5
2
115
467
30
9
2
116
475
30
11
2
118
151729
30
15
2
432
1063
30
23
2
123
489
32
1
2
4
151724
34
5
6
5
151725
34
7
6
138
545
35
13
6
139
552
35
15
6
142
562
35
21
6
145
151739
35
27
6
150
151740
35
37
6
432
1063
35
41
6
132
151743
35
1
6
133
504
35
3
6
134
516
35
5
6
135
151738
35
7
6
137
538
35
11
6
172
619
40
1
6
180
151741
40
17
6
4
151724
43
5
7
5
151725
43
7
7
189
151744
44
1
7
190
151745
44
3
7
432
1063
44
13
7
198
669
45
11
7
200
688
45
15
7
204
708
45
23
7
205
712
45
25
7
206
721
45
27
7
207
726
45
29
7
208
151746
45
31
7
221
743
47
9
7
225
749
49
1
7
233
151747
49
17
7
236
760
49
23
7
4
151724
52
5
8
5
151725
52
7
8
246
764
53
5
8
248
769
53
9
8
432
1063
53
19
8
258
151749
54
15
8
259
903
54
17
8
251
783
54
1
8
254
822
54
7
8
255
151748
54
9
8
272
151750
58
1
8
4
151724
60
5
9
5
151725
60
7
9
280
151751
61
1
9
282
913
61
5
9
284
918
61
9
9
432
1063
61
19
9
290
935
62
7
9
291
151752
62
9
9
294
151753
62
15
9
297
151754
62
21
9
299
151755
62
25
9
288
923
62
3
9
307
151742
64
1
9
4
151724
66
5
10
5
151725
66
7
10
317
971
67
3
10
319
975
67
7
10
432
1063
67
15
10
321
151756
68
1
10
329
151757
68
17
10
334
151758
70
1
10
4
151724
72
5
11
5
151725
72
7
11
345
1005
73
3
11
347
1009
73
7
11
349
151759
73
11
11
432
1063
73
19
11
366
151760
76
1
11
5
151725
78
7
12
4
151724
78
5
12
377
1022
79
3
12
379
1026
79
7
12
381
151761
79
11
12
432
1063
79
19
12
397
151762
82
1
12
4
151724
84
5
13
5
151725
84
7
13
432
1063
85
13
13
408
1040
85
3
13
409
1044
85
5
13
412
151763
86
3
13
413
151764
86
5
13
422
151765
88
1
13
4
151724
90
5
14
5
151725
90
7
14
432
1063
91
1
14
434
1067
91
5
14
437
1080
92
1
14
438
1088
92
3
14
440
1099
92
7
14
458
1118
94
1
14